439495
309595
493620
456815
484960
651665
316090
276904
264563
506610
237501
347699
307430
512239
216500
779400
707089
753420
1602100
549910
480630
232521
258501
593210
1922520
703192
233820
1822930
474135
515270
3076465
250274
495785
277120
947837
839154
1381270
956930
645603
557704
922290
538219
404855
461145
43300
411567
372380
61919
769008
220830
82270
561168
352895
645170
679810
598839
447722
205675
336874
94394
214335
391865
168870
164540
12990
699295
335575
562900
902805
355060
907135
560735
532590
2312220
51960
1493850
399226
341854
372380
416979
448155
699295
220830
1156110
401824
754936
385370
305265
762080
1408116
531291
357225
433000
536920
792390
322585
471970
872928
400525
259800
468073
666820
30310
103920
727440
456815
458980
523930
638675
549910
394896
488857
555106
694965
41135
1097655
411350
597540
170819
233820
165406
45898
829195
261099
411350
400958
413515
180561
379308
181860
1246174
269326
391432
534322
72095
612695
575890
487125
471970
623087
326915
634345
409185
675480
727440
324750
718780
562900
716615
337740
8660
705790
324750
666820
527394
1296402
508775
146787
97425
88765
543415
43300
476300
173200
770740
755585
45465
346400
486692
727440
547745
757317
560302
126003
454867
103920
731770
1034437
586715
193551
1212400
203943
442526
777235
640840
556405
1156110
684140
532590
779400
1055221
532590
240315
694965
287945
667686
432134
368050
950868
419144
1039200
626118
613561
116477
772039
74909
383205
38970
655995
142890
233820
404855
908434
2546473
665088
919259
619190
415247
280151
660325
692800
331245
342070
1114109
510940
665954
350730
343802
934414
400092
633912
240315
1034870
746925
1026210
775070
987240
727440
869681
471537
662490
714450
445124
527394
389700
510940
1221060
275388
480630
171035
1294670
1320650
238150
385370
97425
255470
660325
593643
489290
320420
822700
458547
713151
158045
1952830
500115
153715
227325
318255
108250
801050
365885
837855
1177760
998065
353761
103920
862536
236851
194850
343802
142890
117776
121673
898908
348132
151550
259800
126653
1311990
245944
304832
242480
346400
345751
630665
344668
456815
163458
533456
166272
1045695
798885
469805
239016
149818
29877
223212
161076
142890
790225
585416
292275
840020
634345
484960
342070
255470
51960
476300
319554
168870
1101985
534755
166272
452918
658160
103487
480630
597107
347266
857340
458547
186190
527394
410051
355060
609448
634345
54125
253738
407020
394030
426938
283615
305265
255470
147220
77507
339039
937445
426505
969054
235985
862536
342070
645603
620489
671583
607499
966456
874660
1524160
705790
168004
106518
1514851
355060
1476530
8660
554240
496218
426505
662490
82270
608365
34640
510940
937445
207840
699295
412216
488424
614860
969920
21650
332977
41135
43300
